3.344384251356847387e-03
9.588381879689584775e-01
1.653774432934850269e+00
1.989961551771233683e+00
2.036612774081520971e+00
1.926601281724733994e+00
1.788902414729059531e+00
1.710479857299468387e+00
1.688608728218368826e+00
1.645479157261797498e+00
1.532195323140925991e+00
1.383118099299245118e+00
1.233774589218472606e+00
1.038731967011631729e+00
7.258389032543033359e-01
3.000738965098864175e-01
-1.420304285177436121e-01
-4.602569262334482714e-01
-5.090319345691303177e-01
-2.052738126942570407e-01
3.673684388454898642e-01
9.569312750314963312e-01
1.310733693430981894e+00
1.343000344652462763e+00
1.133354744759030641e+00
8.227060104270470520e-01
5.455692084846280876e-01
3.919433038847489059e-01
3.596765454043253651e-01
3.691455874701889961e-01
3.673687588828710160e-01
3.825133563931377156e-01
4.420290886935078767e-01
4.908074069250469851e-01
4.457655382310674042e-01
3.000846219730863296e-01
1.380573914611906983e-01
8.765982622838168481e-02
2.826657513775355790e-01
7.952258282651532006e-01
1.532025753934953327e+00
2.233054150277515415e+00
2.639493847463590281e+00
2.661571150093628546e+00
2.377199161855958920e+00
1.927933282608585319e+00
1.451276534064001700e+00
1.042459218377514762e+00
7.066262093495159213e-01
3.732644568192191037e-01
3.565543353172143225e-12
-3.732644568123453799e-01
-7.066262093440198733e-01
-1.042459218376234675e+00
-1.451276534072213131e+00
-1.927933282633762513e+00
-2.377199161905669822e+00
-2.661571150170428002e+00
-2.639493847556025230e+00
-2.233054150347590028e+00
-1.532025753905176035e+00
-7.952258280130127810e-01
-2.826657507515570877e-01
-8.765982510595438093e-02
-1.380573898697806945e-01
-3.000846202857703204e-01
-4.457655374143014160e-01
-4.908074087510248540e-01
-4.420290957279346400e-01
-3.825133714469439172e-01
-3.673687835237179344e-01
-3.691456192292765226e-01
-3.596765736483324427e-01
-3.919433051523358857e-01
-5.455691435740759321e-01
-8.227058276295912131e-01
-1.133354395866546627e+00
-1.342999821447485642e+00
-1.310733089943482144e+00
-9.569308715217466066e-01
-3.673687835237156585e-01
2.052718808455311350e-01
5.090274205672211671e-01
4.602491075441316193e-01
1.420197148781746355e-01
-3.000846202857688216e-01
-7.258426421622551361e-01
-1.038716341401112020e+00
-1.233722267046715393e+00
-1.383011080305486695e+00
-1.532025753905163823e+00
-1.645268898055075812e+00
-1.688437331260780105e+00
-1.710514633875111379e+00
-1.789413909612960429e+00
-1.927933282633499390e+00
-2.039061786364529283e+00
-1.993515734671591488e+00
-1.657682725640115651e+00
-9.610497091069325482e-01
-4.584677685866362352e-15
9.610497091069252207e-01
1.657682725640112764e+00
1.993515734671592821e+00
2.039061786364532392e+00
1.927933282633502055e+00
1.789413909612962650e+00
1.710514633875114265e+00
1.688437331260785212e+00
1.645268898055083362e+00
1.532025753905173593e+00
1.383011080305497131e+00
1.233722267046725163e+00
1.038716341401120458e+00
7.258426421622629077e-01
3.000846202857772593e-01
-1.420197148781660590e-01
-4.602491075441248469e-01
-5.090274205672180585e-01
-2.052718808455315513e-01
3.673687835237140487e-01
9.569308715217468286e-01
1.310733089943485918e+00
1.342999821447492526e+00
1.133354395866553510e+00
8.227058276295949879e-01
5.455691435740749329e-01
3.919433051523312228e-01
3.596765736483265030e-01
3.691456192292709715e-01
3.673687835237129384e-01
3.825133714469387547e-01
4.420290957279288113e-01
4.908074087510188588e-01
4.457655374142971416e-01
3.000846202857700984e-01
1.380573898697857738e-01
8.765982510596420640e-02
2.826657507515693557e-01
7.952258280130222179e-01
1.532025753905172261e+00
2.233054150347556277e+00
2.639493847555940409e+00
2.661571150170270794e+00
2.377199161905437563e+00
1.927933282633499834e+00
1.451276534072053259e+00
1.042459218376433627e+00
7.066262093449586779e-01
3.732644568144595221e-01
8.970840252441652691e-15
-3.732644568144442010e-01
-7.066262093449493520e-01
-1.042459218376429186e+00
-1.451276534072049929e+00
-1.927933282633493617e+00
-2.377199161905427793e+00
-2.661571150170259692e+00
-2.639493847555930639e+00
-2.233054150347548283e+00
-1.532025753905165155e+00
-7.952258280130158896e-01
-2.826657507515634715e-01
-8.765982510595873856e-02
-1.380573898697821378e-01
-3.000846202857702649e-01
-4.457655374143010829e-01
-4.908074087510241879e-01
-4.420290957279332522e-01
-3.825133714469419743e-01
-3.673687835237167132e-01
-3.691456192292773553e-01
-3.596765736483357734e-01
-3.919433051523407152e-01
-5.455691435740802619e-01
-8.227058276295933226e-01
-1.133354395866546405e+00
-1.342999821447484532e+00
-1.310733089943482366e+00
-9.569308715217484940e-01
-3.673687835237174348e-01
2.052718808455321065e-01
5.090274205672260521e-01
4.602491075441387247e-01
1.420197148781801588e-01
-3.000846202857680445e-01
-7.258426421622594660e-01
-1.038716341401119347e+00
-1.233722267046723164e+00
-1.383011080305493579e+00
-1.532025753905169596e+00
-1.645268898055080475e+00
-1.688437331260782770e+00
-1.710514633875110047e+00
-1.789413909612954434e+00
-1.927933282633490064e+00
-2.039061786364519069e+00
-1.993515734671583051e+00
-1.657682725640110100e+00
-9.610497091069302167e-01
-4.694847976286655531e-15
9.610497091069233333e-01
1.657682725640108989e+00
1.993515734671587269e+00
2.039061786364525730e+00
1.927933282633495393e+00
1.789413909612957321e+00
1.710514633875111823e+00
1.688437331260786101e+00
1.645268898055086249e+00
1.532025753905175147e+00
1.383011080305494911e+00
1.233722267046718279e+00
1.038716341401111354e+00
7.258426421622556912e-01
3.000846202857744283e-01
-1.420197148781645047e-01
-4.602491075441210722e-01
-5.090274205672142838e-01
-2.052718808455294419e-01
3.673687835237129939e-01
9.569308715217424988e-01
1.310733089943480589e+00
1.342999821447488751e+00
1.133354395866552178e+00
8.227058276295942107e-01
5.455691435740731565e-01
3.919433051523277256e-01
3.596765736483205633e-01
3.691456192292618121e-01
3.673687835237010035e-01
3.825133714469263202e-01
4.420290957279185973e-01
4.908074087510128081e-01
4.457655374142956983e-01
3.000846202857723188e-01
1.380573898697898538e-01
8.765982510596798116e-02
2.826657507515701884e-01
7.952258280130187762e-01
1.532025753905166265e+00
2.233054150347550948e+00
2.639493847555937300e+00
2.661571150170270794e+00
2.377199161905440228e+00
1.927933282633504719e+00
1.451276534072058588e+00
1.042459218376437180e+00
7.066262093449583448e-01
3.732644568144538044e-01
-1.351944429791145353e-15
-3.732644568144568575e-01
-7.066262093449620085e-01
-1.042459218376440733e+00
-1.451276534072060365e+00
-1.927933282633503831e+00
-2.377199161905438451e+00
-2.661571150170272571e+00
-2.639493847555946626e+00
-2.233054150347566935e+00
-1.532025753905183585e+00
-7.952258280130310997e-01
-2.826657507515737966e-01
-8.765982510596503907e-02
-1.380573898697866342e-01
-3.000846202857742617e-01
-4.457655374143037474e-01
-4.908074087510237438e-01
-4.420290957279291999e-01
-3.825133714469358126e-01
-3.673687835237103849e-01
-3.691456192292724703e-01
-3.596765736483334419e-01
-3.919433051523409928e-01
-5.455691435740814832e-01
-8.227058276295927675e-01
-1.133354395866542186e+00
-1.342999821447476760e+00
-1.310733089943471041e+00
-9.569308715217328398e-01
-3.673687835236978394e-01
2.052718808455534505e-01
5.090274205672460361e-01
4.602491075441544344e-01
1.420197148781898733e-01
-3.000846202857645473e-01
-7.258426421622609093e-01
-1.038716341401123566e+00
-1.233722267046727383e+00
-1.383011080305494911e+00
-1.532025753905168486e+00
-1.645268898055080253e+00
-1.688437331260787433e+00
-1.710514633875121815e+00
-1.789413909612971754e+00
-1.927933282633508272e+00
-2.039061786364534612e+00
-1.993515734671595041e+00
-1.657682725640120980e+00
-9.610497091069429842e-01
-1.938194864428632737e-14
9.610497091069102327e-01
1.657682725640102106e+00
1.993515734671589268e+00
2.039061786364535500e+00
1.927933282633509604e+00
1.789413909612971532e+00
1.710514633875122481e+00
1.688437331260792318e+00
1.645268898055090023e+00
1.532025753905179810e+00
1.383011080305502460e+00
1.233722267046728494e+00
1.038716341401121790e+00
7.258426421622631297e-01
3.000846202857761491e-01
-1.420197148781698893e-01
-4.602491075441323409e-01
-5.090274205672282726e-01
-2.052718808455426813e-01
3.673687835237026689e-01
9.569308715217343941e-01
1.310733089943472374e+00
1.342999821447478093e+00
1.133354395866538633e+00
8.227058276295797778e-01
5.455691435740606110e-01
3.919433051523195655e-01
3.596765736483180098e-01
3.691456192292645322e-01
3.673687835237080535e-01
3.825133714469360346e-01
4.420290957279284783e-01
4.908074087510209127e-01
4.457655374143020266e-01
3.000846202857776479e-01
1.380573898697937119e-01
8.765982510596877220e-02
2.826657507515673573e-01
7.952258280130138912e-01
1.532025753905162269e+00
2.233054150347550060e+00
2.639493847555940409e+00
2.661571150170277011e+00
2.377199161905449998e+00
1.927933282633518708e+00
1.451276534072076796e+00
1.042459218376457830e+00
7.066262093449791060e-01
3.732644568144735664e-01
1.781482514020946239e-14
-3.732644568144380948e-01
-7.066262093449449111e-01
-1.042459218376426744e+00
-1.451276534072049262e+00
-1.927933282633494061e+00
-2.377199161905430014e+00
-2.661571150170266797e+00
-2.639493847555944850e+00
-2.233054150347569156e+00
-1.532025753905188248e+00
-7.952258280130360957e-01
-2.826657507515800138e-01
-8.765982510597498945e-02
-1.380573898698016222e-01
-3.000846202857934686e-01
-4.457655374143251192e-01
-4.908074087510446715e-01
-4.420290957279475741e-01
-3.825133714469507451e-01
-3.673687835237213206e-01
-3.691456192292792426e-01
-3.596765736483375497e-01
-3.919433051523449896e-01
-5.455691435740871453e-01
-8.227058276296010941e-01
-1.133354395866554176e+00
-1.342999821447493414e+00
-1.310733089943494578e+00
-9.569308715217665906e-01
-3.673687835237425259e-01
2.052718808455022970e-01
5.090274205671972974e-01
4.602491075441178525e-01
1.420197148781715546e-01
-3.000846202857647138e-01
-7.258426421622479197e-01
-1.038716341401103582e+00
-1.233722267046704069e+00
-1.383011080305469598e+00
-1.532025753905141618e+00
-1.645268898055053608e+00
-1.688437331260762786e+00
-1.710514633875099388e+00
-1.789413909612949993e+00
-1.927933282633486067e+00
-2.039061786364513296e+00
-1.993515734671578832e+00
-1.657682725640113208e+00
-9.610497091069455378e-01
-3.358889875173789508e-14
9.610497091068853637e-01
1.657682725640070576e+00
1.993515734671554851e+00
2.039061786364499973e+00
1.927933282633473411e+00
1.789413909612936893e+00
1.710514633875094281e+00
1.688437331260775442e+00
1.645268898055085804e+00
1.532025753905184917e+00
1.383011080305511120e+00
1.233722267046738041e+00
1.038716341401134002e+00
7.258426421622816704e-01
3.000846202858045708e-01
-1.420197148781295604e-01
-4.602491075440829360e-01
-5.090274205671790897e-01
-2.052718808455052668e-01
3.673687835237220423e-01
9.569308715217379468e-01
1.310733089943467267e+00
1.342999821447472764e+00
1.133354395866542408e+00
8.227058276296008721e-01
5.455691435741046869e-01
3.919433051523883993e-01
3.596765736484078269e-01
3.691456192293606775e-01
3.673687835237764432e-01
3.825133714469196589e-01
4.420290957277533961e-01
4.908074087506146266e-01
4.457655374136348936e-01
3.000846202849398736e-01
1.380573898691072054e-01
8.765982510610685619e-02
2.826657507536174951e-01
7.952258280183585049e-01
1.532025753914993960e+00
2.233054150361824419e+00
2.639493847571647844e+00
2.661571150179192546e+00
2.377199161892087353e+00
1.927933282574928686e+00
1.451276533942234659e+00
1.042459218158892309e+00
7.066262090571197030e-01
3.732644565444795948e-01
-5.022644620347859916e-11
-3.732644562995018345e-01
-7.066262077974422295e-01
-1.042459215339042844e+00
-1.451276529410791660e+00
-1.927933277085198238e+00
-2.377199157834868348e+00
-2.661571152340142632e+00
-2.639493863424811959e+00
-2.233054189029436198e+00
-1.532025822567128159e+00
-7.952259244210744260e-01
-2.826658513581680188e-01
-8.765987012352600971e-02
-1.380572707994827397e-01
-3.000841815456915529e-01
-4.457646110587204502e-01
-4.908059066582577401e-01
-4.420271807470539382e-01
-3.825117079527994290e-01
-3.673688165650422777e-01
-3.691497404820695549e-01
-3.596879046855429585e-01
-3.919646953355527264e-01
-5.456009204015285219e-01
-8.227419953941215169e-01
-1.133377560074910750e+00
-1.342976344004442879e+00
-1.310611970092596446e+00
-9.566523837796510055e-01
-3.668911056042691299e-01
2.059198647863762499e-01
5.096644217128221133e-01
4.604431376763722938e-01
1.410138358082745902e-01
-3.033397682872396861e-01
-7.324189045633167083e-01
-1.049039440250971955e+00
-1.246374442654108128e+00
-1.393035487195371402e+00
-1.529132175032830832e+00
-1.612973211252997530e+00
-1.606025437470967487e+00
-1.560564872869985242e+00
-1.573867846298493633e+00
-1.694370265418480681e+00
-1.914517909320972766e+00
-2.214473682664482190e+00
-2.571183315802060054e+00
-2.955120031066047037e+00
6.066305282330782152e-03
2.793857202556375263e+00
2.658091545357271990e+00
1.312907708522857542e+00
1.263344478836472717e+00
1.371154439131097913e+00
1.937032791916614982e-01
-3.814123870911126368e-01
1.057662505547714682e+00
2.002291152634502414e+00
4.576657696498329653e-01
-1.103364143789698604e+00
-2.073501719863838355e-01
1.152674871403790213e+00
4.709606529032412392e-01
-8.367448177576815027e-01
-8.780872552710012879e-01
-1.090251970384079394e+00
-2.605544899156522654e+00
-2.912710461725847466e+00
-2.913458781796454677e-01
2.340155326092987487e+00
2.063041937104816093e+00
5.966565289068552769e-01
4.505300716988563936e-01
4.900296007231833562e-01
-7.248760346245282093e-01
-1.305095002102713675e+00
1.615587214619924050e-01
1.165600994478879437e+00
-2.897729192827952494e-01
-1.734789795504159127e+00
-7.000475105123301622e-01
8.165491481905506888e-01
3.037263198577660472e-01
-8.287454358781277675e-01
-6.947291949016849433e-01
-7.376448424789554537e-01
-2.095826712410568504e+00
-2.263625370309129803e+00
4.743790963799169313e-01
3.195612361079979369e+00
2.978094638737978972e+00
1.539008343939550549e+00
1.386870756828245232e+00
1.387218847880478334e+00
1.013699628284819854e-01
-5.791041056373296136e-01
7.615066448949869837e-01
1.618161397591266093e+00
-7.393705767417223500e-04
-1.619639965618227873e+00
-7.629837711006236534e-01
5.776324104171722817e-01
-1.028278587560800955e-01
-1.388648766637321952e+00
-1.388251591646232574e+00
-1.540311325415258503e+00
-2.979283050359785801e+00
-3.196641754667997493e+00
-4.751980428129922718e-01
2.263073977039053108e+00
2.095603798980870458e+00
7.378127698075119811e-01
6.953488855119142054e-01
8.298730818996639114e-01
-3.020428781004997343e-01
-8.142742603155218584e-01
7.029333844066051329e-01
1.738286235940220248e+00
2.938559411059460946e-01
-1.160982121668993949e+00
-1.564840335477143962e-01
1.310514418252669566e+00
7.304973020071930945e-01
-4.843807015936398286e-01
-4.450573071854486140e-01
-5.915899354247303732e-01
-2.058632966600503877e+00
-2.336670363025825203e+00
2.936336249248034380e-01
2.913530626468061158e+00
2.604641052204430984e+00
1.087393927483330192e+00
8.730843178096669988e-01
8.294595794924290999e-01
-4.805983733279723946e-01
-1.164654484403103041e+00
1.931326111276683022e-01
1.087116930693360795e+00
-4.756212430870067065e-01
-2.021514581343565542e+00
-1.077592454144749468e+00
3.614564631947109197e-01
-2.128923611096313895e-01
-1.388683726353485692e+00
-1.278238683292869382e+00
-1.324132877291766652e+00
-2.664584624784761324e+00
-2.794561307771790126e+00
2.872715853779274136e-05
2.794618096653290973e+00
2.664639414753892765e+00
1.324184328029502478e+00
1.278285446266362868e+00
1.388724448073225037e+00
2.129256925500973840e-01
-3.614318497789353879e-01
1.077607068132945711e+00
2.021517994562015641e+00
4.756123765393492908e-01
-1.087138983425351979e+00
-1.931685268869862415e-01
1.164604320379318381e+00
4.805339321864473545e-01
-8.295379054816063302e-01
-8.731756537889174830e-01
-1.087496861419433136e+00
-2.604753591038985849e+00
-2.913650167004622649e+00
-2.937569434389220580e-01
2.336547098646503784e+00
2.058514158730407217e+00
5.914804896834251480e-01
4.449625343624520335e-01
4.843061872835209281e-01
-7.305458601701348975e-01
-1.310531404580220105e+00
1.565039302075305616e-01
1.161043660904249375e+00
-2.937488169530873550e-01
-1.738130678685786190e+00
-7.027279191464012031e-01
8.145294643874479990e-01
3.023457570022925478e-01
-8.295267046177124959e-01
-6.949654698347723647e-01
-7.374011697999532933e-01
-2.095175299076481590e+00
-2.262642241076473937e+00
4.756171214592074259e-01
3.197030311516687373e+00
2.979621623793699214e+00
1.540579349813314902e+00
1.388428009296967858e+00
1.388712753435516811e+00
1.027596535546264622e-01
-5.778505884623372779e-01
7.626008035566020915e-01
1.619081379221734007e+00
-6.474191119864102212e-07
-1.619082646210042720e+00
-7.626019875861326236e-01
5.778495407220991531e-01
-1.027605146545008397e-01
-1.388713381747097575e+00
-1.388428364121935710e+00
-1.540579397167191500e+00
-2.979621337675866677e+00
-3.197029675164736684e+00
-4.756161285566880004e-01
2.262643585276923108e+00
2.095176976767235910e+00
7.374031498222307635e-01
6.949677071373743242e-01
8.295291400361004541e-01
-3.023431965775024710e-01
-8.145268653879702558e-01
7.027304581060134225e-01
1.738133048512777723e+00
2.937509003879985037e-01
-1.161041986349703459e+00
-1.565027886887254416e-01
1.310531891404298710e+00
7.305455778456159122e-01
-4.843073408342198349e-01
-4.449646433259402123e-01
-5.914836146447498555e-01
-2.058518330950489528e+00
-2.336552314540253139e+00
2.937507273847435596e-01
2.913643038611431368e+00
2.604745685838841140e+00
1.087488364797126295e+00
8.731668015838854879e-01
8.295289827864268384e-01
-4.805425942692190255e-01
-1.164612350215916914e+00
1.931615336042424025e-01
1.087133453373033021e+00
-4.756160070602962198e-01
-2.021519294701209279e+00
-1.077605629688419331e+00
3.614363933703459986e-01
-2.129177392298564897e-01
-1.388712863549036447e+00
-1.278270113396691832e+00
-1.324165254540696335e+00
-2.664616752190315907e+00
-2.794592156778510361e+00
5.214573283980837145e-09
2.794592166563622193e+00
2.664616760069975054e+00
1.324165259330165378e+00
1.278270114038828176e+00
1.388712859161115531e+00
2.129177291479657230e-01
-3.614364095522293319e-01
1.077605607291032053e+00
2.021519266290128680e+00
4.756159731719741823e-01
-1.087133491857581236e+00
-1.931615754625207737e-01
1.164612306535651953e+00
4.805425506218348741e-01
-8.295290242811320658e-01
-8.731668385941044885e-01
-1.087488394843993733e+00
-2.604745706374982372e+00
-2.913643047112116413e+00
-2.937507214492439678e-01
2.336552337078023456e+00
2.058518371905023514e+00
5.914836753580255957e-01
4.449647245489548597e-01
4.843074426118772480e-01
-7.305454562791505735e-01
-1.310531751714659299e+00
1.565029438660210381e-01
1.161042153366783847e+00
-2.937507262032649780e-01
-1.738132872830297160e+00
-7.027302875277161576e-01
8.145270234403557685e-01
3.023433340234752409e-01
-8.295290317278891656e-01
-6.949676366909157688e-01
-7.374031258504054609e-01
-2.095177007424529059e+00
-2.262643677877778536e+00
4.756159679463334844e-01
3.197029442149932343e+00
2.979621029959159451e+00
1.540579014957059512e+00
1.388427910510978247e+00
1.388712863037842249e+00
1.027599406133364868e-01
-5.778501567044957987e-01
7.626013467253395239e-01
1.619082001119240166e+00
2.209803852761284505e-08
-1.619081957821499884e+00
-7.626013061049804476e-01
5.778501929211420363e-01
-1.027599104373411593e-01
-1.388712840414141114e+00
-1.388427896786735172e+00
-1.540579011275797772e+00
-2.979621037220312019e+00
-3.197029460967539816e+00
-4.756159986088948632e-01
2.262643635444668178e+00
2.095176953694269262e+00
7.374030617246417618e-01
6.949675635213257152e-01
8.295289513284158645e-01
-3.023434193745159204e-01
-8.145271110148518678e-01
7.027302008773227415e-01
1.738132790622221258e+00
2.937506522582667423e-01
-1.161042215014851164e+00
-1.565029890812190683e-01
1.310531727039979888e+00
7.305454560728367186e-01
-4.843074147686074471e-01
-4.449646656027848590e-01
-5.914835829725155758e-01
-2.058518244653118057e+00
-2.336552174631398415e+00
2.937509181442615191e-01
2.913643275677232136e+00
2.604745962871000131e+00
1.087488673682089457e+00
8.731671324951472135e-01
8.295293242912729070e-01
-4.805422550487280509e-01
-1.164612027383607140e+00
1.931618250042514973e-01
1.087133697708782210e+00
-4.756158255854666672e-01
-2.021519191558402984e+00
-1.077605619470800358e+00
3.614362975551428936e-01
-2.129179520499989153e-01
-1.388713201534926167e+00
-1.278270581218162505e+00
-1.324165852712983593e+00
-2.664617476458772227e+00
-2.794592997578186910e+00
-9.368119033243585122e-07
2.794591144642272429e+00
2.664615685722626637e+00
1.324164166063866555e+00
1.278269041060212441e+00
1.388711850773813650e+00
2.129168338674411742e-01
-3.614371401793579630e-01
1.077605094419144871e+00
2.021519024068822112e+00
4.756160522633223198e-01
-1.087133045280995525e+00
-1.931607221488346460e-01
1.164613596368462956e+00
4.805442947052702696e-01
-8.295268227897802937e-01
-8.731641934713954001e-01
-1.087485338880724628e+00
-2.604742293056227176e+00
-2.913639351768058106e+00
-2.937468417543987464e-01
2.336556281381318989e+00
2.058522240162565797e+00
5.914873081398542842e-01
4.449679468260263615e-01
4.843100680201334884e-01
-7.305436200835387917e-01
-1.310530896645719867e+00
1.565026337074507945e-01
1.161040509919782915e+00
-2.937538460748602698e-01
-1.738137578029202768e+00
-7.027366432844053268e-01
8.145190048008105199e-01
3.023337017212578415e-01
-8.295401592998452589e-01
-6.949800658002504017e-01
-7.374165831791890113e-01
-2.095191138206292880e+00
-2.262658046851793170e+00
4.756018723604271137e-01
3.197016200122164253e+00
2.979609278705519060e+00
1.540569433237518604e+00
1.388421199146794516e+00
1.388709721576508072e+00
1.027610404373095199e-01
-5.778442023473571165e-01
7.626126783443629709e-01
1.619099108279849597e+00
2.314420559729564174e-05
-1.619052773915757415e+00
-7.625662376395645481e-01
5.778907167622000518e-01
-1.027146348955705335e-01
-1.388663806890028107e+00
-1.388376395930258189e+00
-1.540526627288864914e+00
-2.979569632751902120e+00
-3.196981149050782012e+00
-4.755731007063218607e-01
2.262678645832006286e+00
2.095201521929524358e+00
7.374146369909324594e-01
6.949636967549790434e-01
8.295074044001627955e-01
-3.023845556606318818e-01
-8.145892932450287116e-01
7.026460942379076924e-01
1.738026582069210013e+00
2.936229803151458873e-01
-1.161189794091860517e+00
-1.566679189104928926e-01
1.310353059921846919e+00
7.303577476276302827e-01
-4.844983980500908727e-01
-4.451521413709110808e-01
-5.916598549032306975e-01
-2.058674854951541899e+00
-2.336680109155566232e+00
2.936609718381594791e-01
2.913600619038552164e+00
2.604759529696234477e+00
1.087566632383247134e+00
8.733164561299269213e-01
8.297553397845131018e-01
-4.802363245071508135e-01
-1.164225510353640969e+00
1.936266283635771912e-01
1.087671144327096107e+00
-4.750150227915098111e-01
-2.020868172243212690e+00
-1.076921469613723481e+00
3.621325880126604613e-01
-2.122342170022147589e-01
-1.388070054076421256e+00
-1.277698835329269755e+00
-1.323698358000644282e+00
-2.664288179011063296e+00
-2.794435813879222685e+00
-4.845480478181029893e-05
2.794309114477827372e+00
2.664073677157038134e+00
1.323342700190137888e+00
1.277156294732406883e+00
1.387305290664897939e+00
2.112247484744010362e-01
-3.633942848111408330e-01
1.075416634617562428e+00
2.019147034981415789e+00
4.731227075411909566e-01
-1.089671333866838454e+00
-1.956540208097037048e-01
1.162267400697722053e+00
4.784574794098453432e-01
-8.312345301345429593e-01
-8.743690328540757450e-01
-1.088063617516365600e+00
-2.604575115867980628e+00
-2.912617899641044339e+00
-2.917780807795349318e-01
2.339543610927615092e+00
2.062571540409893878e+00
5.966081632871519380e-01
4.511305322955359576e-01
4.914401994601346746e-01
-7.225685102572764196e-01
-1.301884558451783303e+00
1.655939886811024775e-01
1.170298732909127226e+00
-2.846562546921856396e-01
-1.729572600919992764e+00
-6.951134304717292434e-01
8.207639980955157011e-01
3.067491402784821020e-01
-8.274055812176258629e-01
-6.955604165329903887e-01
-7.411094896976545554e-01
-2.102337011483230711e+00
-2.273518287787994030e+00
4.608670110293409117e-01
3.178369302849132882e+00
2.957156108425383234e+00
1.514576938655487925e+00
1.359332138241627685e+00
1.357152818273678285e+00
6.955559434132237151e-02
-6.116902886444870457e-01
7.293129578996691009e-01
1.587694033663784809e+00
-2.800449962126491318e-02
-1.642121767640312369e+00
-7.790423629509806158e-01
5.696401621751246980e-01
-1.011713507052931227e-01
-1.375893068944011643e+00
-1.363155208425031573e+00
-1.501922312169875484e+00
-2.927020789242754439e+00
-3.130376968689223105e+00
-3.953277411458614443e-01
2.355560252415371369e+00
2.199070291520254461e+00
8.499403867389143663e-01
8.131186318033771787e-01
9.495738974203261629e-01
-1.847783436501326537e-01
-7.044028912096026440e-01
7.999652736291921196e-01
1.816677852455006237e+00
3.476222659477857246e-01
-1.137805548746469553e+00
-1.696039323031091339e-01
1.255915024790503320e+00
6.300486310210161589e-01
-6.339288426948562760e-01
-6.455207086927611249e-01
-8.430365233982668460e-01
-2.359081801962679137e+00
-2.681815264407709343e+00
-8.933705290435547952e-02
2.502356719334089874e+00
2.177763113358173186e+00
6.602361187026392075e-01
4.639570035258572811e-01
4.594244709900336399e-01
-7.879655383413853853e-01
-1.383606781252826323e+00
9.006583062086180591e-02
1.128583360822006831e+00
-2.604323682355283998e-01
-1.603581150376619302e+00
-4.288202146698931183e-01
1.267447471514387081e+00
9.742022282335814909e-01
1.001642717748205125e-01
5.291172612742700565e-01
8.140495475865409114e-01
-1.880746696069714730e-01
2.277426212752289153e-02
