0.000000000000000000e+00
2.955991075157406112e+00
2.983356071131762377e+00
1.792298614609770357e+00
1.884293509388697219e+00
2.118033988749894903e+00
1.048437616860904642e+00
5.613399251484449959e-01
2.067565654822459909e+00
3.058190232750897408e+00
1.538841768587626113e+00
-1.651806666486832498e-02
8.672750964120031769e-01
2.199415144715359816e+00
1.476780905167294211e+00
1.180339887498953466e-01
1.860464277116526816e-02
-2.555743445304958783e-01
-1.833761119581613253e+00
-2.201822046719191128e+00
3.632712640026813933e-01
2.945433774749585787e+00
2.627857610109451958e+00
1.131428720471276961e+00
9.667959939947389225e-01
1.000000000000000666e+00
-2.087745105902119869e-01
-7.706843121190345425e-01
7.257445775191520010e-01
1.769863270164644398e+00
3.632712640026828921e-01
-1.026251542134241745e+00
6.835191300868952158e-02
1.646538688059806521e+00
1.194175147356107081e+00
1.180339887498926821e-01
3.012104005823557085e-01
2.973021121250551957e-01
-1.034837936178302442e+00
-1.192088571249815487e+00
1.538841768587628556e+00
4.233760737335844127e+00
3.969678687412767637e+00
2.463452957738759164e+00
2.224008121445858244e+00
2.118033988749895791e+00
7.087230048037395091e-01
-1.098144179805398135e-01
1.081243038541449986e+00
1.780420570572462724e+00
4.776122516674677089e-15
-1.780420570572454952e+00
-1.081243038541451096e+00
1.098144179805324860e-01
-7.087230048037620467e-01
-2.118033988749897123e+00
-2.224008121445838260e+00
-2.463452957738755167e+00
-3.969678687412764084e+00
-4.233760737335853008e+00
-1.538841768587634995e+00
1.192088571249800832e+00
1.034837936178295559e+00
-2.973021121250454257e-01
-3.012104005823517672e-01
-1.180339887498973450e-01
-1.194175147356114852e+00
-1.646538688059809852e+00
-6.835191300869186692e-02
1.026251542134246630e+00
-3.632712640026841133e-01
-1.769863270164639513e+00
-7.257445775191567749e-01
7.706843121190244394e-01
2.087745105902072129e-01
-9.999999999999945599e-01
-9.667959939947248227e-01
-1.131428720471270299e+00
-2.627857610109461284e+00
-2.945433774749590672e+00
-3.632712640026766193e-01
2.201822046719192905e+00
1.833761119581607701e+00
2.555743445304980987e-01
-1.860464277115329509e-02
-1.180339887498871310e-01
-1.476780905167297764e+00
-2.199415144715364256e+00
-8.672750964119958494e-01
1.651806666487587449e-02
-1.538841768587619008e+00
-3.058190232750894744e+00
-2.067565654822447918e+00
-5.613399251484505470e-01
-1.048437616860912858e+00
-2.118033988749895791e+00
-1.884293509388687227e+00
-1.792298614609758811e+00
-2.983356071131776144e+00
-2.955991075157422543e+00
-1.445083222993876957e-14
2.955991075157401671e+00
2.983356071131780585e+00
1.792298614609777907e+00
1.884293509388708543e+00
2.118033988749894014e+00
1.048437616860897537e+00
5.613399251484381125e-01
2.067565654822471899e+00
3.058190232750900073e+00
1.538841768587626113e+00
-1.651806666486077546e-02
8.672750964120256034e-01
2.199415144715358927e+00
1.476780905167285551e+00
1.180339887498866869e-01
1.860464277119167412e-02
-2.555743445304781147e-01
-1.833761119581605259e+00
-2.201822046719208892e+00
3.632712640026649620e-01
2.945433774749581790e+00
2.627857610109459063e+00
1.131428720471291172e+00
9.667959939947617931e-01
9.999999999999995559e-01
-2.087745105902289455e-01
-7.706843121190383172e-01
7.257445775191382342e-01
1.769863270164649505e+00
3.632712640026802275e-01
-1.026251542134241745e+00
6.835191300868739828e-02
1.646538688059801636e+00
1.194175147356092426e+00
1.180339887498884632e-01
3.012104005823735831e-01
2.973021121250536414e-01
-1.034837936178320206e+00
-1.192088571249799056e+00
1.538841768587658532e+00
4.233760737335803270e+00
3.969678687412763640e+00
2.463452957738777371e+00
2.224008121445872455e+00
2.118033988749896679e+00
7.087230048037346242e-01
-1.098144179805611298e-01
1.081243038541451762e+00
1.780420570572472272e+00
3.919736330162753777e-14
-1.780420570572452732e+00
-1.081243038541455093e+00
1.098144179805375931e-01
-7.087230048037540531e-01
-2.118033988749887353e+00
-2.224008121445837372e+00
-2.463452957738745397e+00
-3.969678687412760532e+00
-4.233760737335831692e+00
-1.538841768587619896e+00
1.192088571249805273e+00
1.034837936178295115e+00
-2.973021121250469800e-01
-3.012104005823197928e-01
-1.180339887498935703e-01
-1.194175147356129063e+00
-1.646538688059816291e+00
-6.835191300869554454e-02
1.026251542134256844e+00
-3.632712640026730666e-01
-1.769863270164634184e+00
-7.257445775191720960e-01
7.706843121190232182e-01
2.087745105901781528e-01
-9.999999999999921174e-01
-9.667959939947099457e-01
-1.131428720471259641e+00
-2.627857610109451514e+00
-2.945433774749598221e+00
-3.632712640027037643e-01
2.201822046719173365e+00
1.833761119581636789e+00
2.555743445305105332e-01
-1.860464277111600548e-02
-1.180339887498913498e-01
-1.476780905167327518e+00
-2.199415144715382908e+00
-8.672750964119984030e-01
1.651806666487320996e-02
-1.538841768587608128e+00
-3.058190232750894744e+00
-2.067565654822483001e+00
-5.613399251484534336e-01
-1.048437616860892208e+00
-2.118033988749886465e+00
-1.884293509388663024e+00
-1.792298614609750373e+00
-2.983356071131773479e+00
-2.955991075157428316e+00
-2.890166445987753914e-14
2.955991075157423431e+00
2.983356071131771259e+00
1.792298614609766805e+00
1.884293509388695664e+00
2.118033988749906005e+00
1.048437616860874444e+00
5.613399251484221253e-01
2.067565654822473675e+00
3.058190232750921389e+00
1.538841768587647429e+00
-1.651806666485522435e-02
8.672750964119939621e-01
2.199415144715349157e+00
1.476780905167239810e+00
1.180339887499033402e-01
1.860464277121430532e-02
-2.555743445304672345e-01
-1.833761119581629906e+00
-2.201822046719190684e+00
3.632712640027022100e-01
2.945433774749543598e+00
2.627857610109415543e+00
1.131428720471301830e+00
9.667959939947896597e-01
1.000000000000001998e+00
-2.087745105902405751e-01
-7.706843121190679602e-01
7.257445775191734283e-01
1.769863270164649727e+00
3.632712640026267703e-01
-1.026251542134239969e+00
6.835191300866982900e-02
1.646538688059782096e+00
1.194175147356114630e+00
1.180339887498904616e-01
3.012104005823633690e-01
2.973021121250606358e-01
-1.034837936178267581e+00
-1.192088571249825257e+00
1.538841768587594361e+00
4.233760737335828139e+00
3.969678687412775187e+00
2.463452957738759164e+00
2.224008121445894659e+00
2.118033988749879803e+00
7.087230048037563845e-01
-1.098144179805642384e-01
1.081243038541479073e+00
1.780420570572460282e+00
2.564330510570383024e-15
-1.780420570572467165e+00
-1.081243038541457757e+00
1.098144179805182752e-01
-7.087230048037471697e-01
-2.118033988749914442e+00
-2.224008121445856911e+00
-2.463452957738704541e+00
-3.969678687412788509e+00
-4.233760737335894753e+00
-1.538841768587612124e+00
1.192088571249758644e+00
1.034837936178288675e+00
-2.973021121250114529e-01
-3.012104005823295627e-01
-1.180339887498940143e-01
-1.194175147356169253e+00
-1.646538688059821620e+00
-6.835191300865625652e-02
1.026251542134259953e+00
-3.632712640026736217e-01
-1.769863270164629299e+00
-7.257445775191468940e-01
7.706843121190143364e-01
2.087745105901527287e-01
-1.000000000000003997e+00
-9.667959939946806358e-01
-1.131428720471221894e+00
-2.627857610109486597e+00
-2.945433774749607103e+00
-3.632712640026229955e-01
2.201822046719164483e+00
1.833761119581662768e+00
2.555743445305478367e-01
-1.860464277111702203e-02
-1.180339887499013418e-01
-1.476780905167317526e+00
-2.199415144715382908e+00
-8.672750964120402584e-01
1.651806666486221875e-02
-1.538841768587568826e+00
-3.058190232750891191e+00
-2.067565654822455468e+00
-5.613399251484749719e-01
-1.048437616860953048e+00
-2.118033988749911778e+00
-1.884293509388678789e+00
-1.792298614609760143e+00
-2.983356071131734844e+00
-2.955991075157413661e+00
-1.215121976234273134e-13
2.955991075157431425e+00
2.983356071131733067e+00
1.792298614609777907e+00
1.884293509388742294e+00
2.118033988749901564e+00
1.048437616860905530e+00
5.613399251484618713e-01
2.067565654822441701e+00
3.058190232750923609e+00
1.538841768587620118e+00
-1.651806666482813490e-02
8.672750964120292672e-01
2.199415144715332282e+00
1.476780905167276225e+00
1.180339887499193274e-01
1.860464277118864182e-02
-2.555743445304823336e-01
-1.833761119581655663e+00
-2.201822046719217774e+00
3.632712640026957707e-01
2.945433774749552924e+00
2.627857610109434638e+00
1.131428720471284954e+00
9.667959939947404768e-01
1.000000000000018652e+00
-2.087745105902900911e-01
-7.706843121190687373e-01
7.257445775191894155e-01
1.769863270164643065e+00
3.632712640026281581e-01
-1.026251542134230421e+00
6.835191300872388298e-02
1.646538688059765221e+00
1.194175147356087541e+00
1.180339887499053386e-01
3.012104005823943997e-01
2.973021121250707388e-01
-1.034837936178286677e+00
-1.192088571249833473e+00
1.538841768587557057e+00
4.233760737335855673e+00
3.969678687412793838e+00
2.463452957738766713e+00
2.224008121445868458e+00
2.118033988749901564e+00
7.087230048037910235e-01
-1.098144179805364828e-01
1.081243038541507495e+00
1.780420570572466499e+00
-2.094279171282263360e-15
-1.780420570572434080e+00
-1.081243038541414014e+00
1.098144179805440324e-01
-7.087230048037941321e-01
-2.118033988749901120e+00
-2.224008121445802733e+00
-2.463452957738724081e+00
-3.969678687412777851e+00
-4.233760737335886759e+00
-1.538841768587675629e+00
1.192088571249767082e+00
1.034837936178336637e+00
-2.973021121250283283e-01
-3.012104005823855735e-01
-1.180339887498713658e-01
-1.194175147356219213e+00
-1.646538688059866473e+00
-6.835191300863785457e-02
1.026251542134252848e+00
-3.632712640027352391e-01
-1.769863270164614644e+00
-7.257445775191133652e-01
7.706843121189870249e-01
2.087745105901371023e-01
-9.999999999999872324e-01
-9.667959939947312620e-01
-1.131428720471240990e+00
-2.627857610109458619e+00
-2.945433774749614653e+00
-3.632712640027141449e-01
2.201822046719153825e+00
1.833761119581513777e+00
2.555743445305247441e-01
-1.860464277112703138e-02
-1.180339887498842444e-01
-1.476780905167253355e+00
-2.199415144715372694e+00
-8.672750964120604644e-01
1.651806666488586650e-02
-1.538841768587512204e+00
-3.058190232750872983e+00
-2.067565654822423049e+00
-5.613399251484485486e-01
-1.048437616860980137e+00
-2.118033988749891350e+00
-1.884293509388602406e+00
-1.792298614609729945e+00
-2.983356071131788578e+00
-2.955991075157388792e+00
-5.780332891975507828e-14
2.955991075157305303e+00
2.983356071131678888e+00
1.792298614609808549e+00
1.884293509388686783e+00
2.118033988749905561e+00
1.048437616860827815e+00
5.613399251484187946e-01
2.067565654822401289e+00
3.058190232750916060e+00
1.538841768587735137e+00
-1.651806666486832498e-02
8.672750964120488071e-01
2.199415144715288761e+00
1.476780905167349278e+00
1.180339887498818019e-01
1.860464277122204219e-02
-2.555743445304372585e-01
-1.833761119581483801e+00
-2.201822046719167147e+00
3.632712640026417028e-01
2.945433774749542266e+00
2.627857610109445741e+00
1.131428720471265414e+00
9.667959939947371462e-01
1.000000000000006883e+00
-2.087745105901966935e-01
-7.706843121190595225e-01
7.257445775192189474e-01
1.769863270164664604e+00
3.632712640027996320e-01
-1.026251542134225980e+00
6.835191300874207676e-02
1.646538688059774103e+00
1.194175147356128397e+00
1.180339887498713658e-01
3.012104005824051689e-01
2.973021121251078203e-01
-1.034837936178313544e+00
-1.192088571249882101e+00
1.538841768587663861e+00
4.233760737335812152e+00
3.969678687412764084e+00
2.463452957738810234e+00
2.224008121445964825e+00
2.118033988749886465e+00
7.087230048037413965e-01
-1.098144179805903287e-01
1.081243038541532142e+00
1.780420570572501360e+00
7.851223943807710940e-14
-1.780420570572414540e+00
-1.081243038541402690e+00
1.098144179805116138e-01
-7.087230048038708485e-01
-2.118033988749876695e+00
-2.224008121445844033e+00
-2.463452957738741400e+00
-3.969678687412807161e+00
-4.233760737335893864e+00
-1.538841768587454917e+00
1.192088571249793283e+00
1.034837936178284901e+00
-2.973021121249965759e-01
-3.012104005822718866e-01
-1.180339887499073370e-01
-1.194175147356143940e+00
-1.646538688059833166e+00
-6.835191300873612319e-02
1.026251542134260397e+00
-3.632712640027142559e-01
-1.769863270164602209e+00
-7.257445775192089554e-01
7.706843121190527501e-01
2.087745105901091525e-01
-9.999999999999990008e-01
-9.667959939947046166e-01
-1.131428720471260085e+00
-2.627857610109508801e+00
-2.945433774749593336e+00
-3.632712640027426221e-01
2.201822046719211556e+00
1.833761119581605703e+00
2.555743445305700412e-01
-1.860464277111183867e-02
-1.180339887499304297e-01
-1.476780905167424107e+00
-2.199415144715394455e+00
-8.672750964120364836e-01
1.651806666490429620e-02
-1.538841768587709380e+00
-3.058190232750880089e+00
-2.067565654822517196e+00
-5.613399251485178265e-01
-1.048437616861027877e+00
-2.118033988749908225e+00
-1.884293509388601073e+00
-1.792298614609702412e+00
-2.983356071131806342e+00
-2.955991075157404779e+00
-1.199887573683819798e-15
2.955991075157336834e+00
2.983356071131751275e+00
1.792298614609797003e+00
1.884293509388744736e+00
2.118033988749897567e+00
1.048437616860752097e+00
5.613399251484434416e-01
2.067565654822439924e+00
3.058190232750943593e+00
1.538841768587555281e+00
-1.651806666484045838e-02
8.672750964119668726e-01
2.199415144715327841e+00
1.476780905167268898e+00
1.180339887498658147e-01
1.860464277126932034e-02
-2.555743445304621275e-01
-1.833761119581555743e+00
-2.201822046719207560e+00
3.632712640027125905e-01
2.945433774749540490e+00
2.627857610109554543e+00
1.131428720471301386e+00
9.667959939947803338e-01
9.999999999999951150e-01
-2.087745105902680809e-01
-7.706843121190470880e-01
7.257445775191297965e-01
1.769863270164643732e+00
3.632712640027533912e-01
-1.026251542134237971e+00
6.835191300876848619e-02
1.646538688059756339e+00
1.194175147356147049e+00
1.180339887498635942e-01
3.012104005824184916e-01
2.973021121250983834e-01
-1.034837936178245155e+00
-1.192088571249926288e+00
1.538841768587676739e+00
4.233760737335833468e+00
3.969678687412739215e+00
2.463452957738852422e+00
2.224008121445942177e+00
2.118033988749878915e+00
7.087230048037244101e-01
-1.098144179805772280e-01
1.081243038541560342e+00
1.780420570572469829e+00
9.161719815022696451e-14
-1.780420570572393668e+00
-1.081243038541378931e+00
1.098144179804778631e-01
-7.087230048037724828e-01
-2.118033988749883356e+00
-2.224008121445832931e+00
-2.463452957738760052e+00
-3.969678687412832918e+00
-4.233760737335939162e+00
-1.538841768587499104e+00
1.192088571249822149e+00
1.034837936178280016e+00
-2.973021121249571630e-01
-3.012104005822893171e-01
-1.180339887499264329e-01
-1.194175147356222322e+00
-1.646538688059831390e+00
-6.835191300870960274e-02
1.026251542134229533e+00
-3.632712640026490303e-01
-1.769863270164604208e+00
-7.257445775191886383e-01
7.706843121190101176e-01
2.087745105900927212e-01
-1.000000000000010880e+00
-9.667959939946518810e-01
-1.131428720471220117e+00
-2.627857610109531006e+00
-2.945433774749636857e+00
-3.632712640027853102e-01
2.201822046719243975e+00
1.833761119581571286e+00
2.555743445305482808e-01
-1.860464277102781214e-02
-1.180339887499486373e-01
-1.476780905167386138e+00
-2.199415144715443304e+00
-8.672750964120271577e-01
1.651806666488497832e-02
-1.538841768587748016e+00
-3.058190232750885862e+00
-2.067565654822481669e+00
-5.613399251485107211e-01
-1.048437616860997235e+00
-2.118033988749919772e+00
-1.884293509388656584e+00
-1.792298614609659779e+00
-2.983356071131813003e+00
-2.955991075157476278e+00
-2.430243952468546268e-13
2.955991075157350600e+00
2.983356071131721077e+00
1.792298614609773022e+00
1.884293509388782928e+00
2.118033988749941088e+00
1.048437616860844690e+00
5.613399251484001429e-01
2.067565654822452803e+00
3.058190232750950699e+00
1.538841768587540404e+00
-1.651806666481714370e-02
8.672750964120053974e-01
2.199415144715342940e+00
1.476780905167219382e+00
1.180339887499184393e-01
1.860464277117060417e-02
-2.555743445304172745e-01
-1.833761119581557075e+00
-2.201822046719221326e+00
3.632712640026299344e-01
2.945433774749528055e+00
2.627857610109542552e+00
1.131428720471341354e+00
9.667959939947892156e-01
1.000000000000040190e+00
-2.087745105901822329e-01
-7.706843121190402046e-01
7.257445775191592174e-01
1.769863270164665270e+00
3.632712640027458417e-01
-1.026251542134205330e+00
6.835191300867719810e-02
1.646538688059718591e+00
1.194175147356127065e+00
1.180339887499015639e-01
3.012104005824191022e-01
2.973021121250757348e-01
-1.034837936178276241e+00
-1.192088571249796614e+00
1.538841768587654091e+00
4.233760737335826363e+00
3.969678687412843576e+00
2.463452957738887950e+00
2.224008121445946617e+00
2.118033988749921104e+00
7.087230048036935459e-01
-1.098144179805726761e-01
1.081243038541487733e+00
1.780420570572471384e+00
2.300974224996529509e-14
-1.780420570572391892e+00
-1.081243038541350732e+00
1.098144179804820819e-01
-7.087230048038033470e-01
-2.118033988749842056e+00
-2.224008121445736119e+00
-2.463452957738669902e+00
-3.969678687412745877e+00
-4.233760737335912516e+00
-1.538841768587521752e+00
1.192088571249843909e+00
1.034837936178362616e+00
-2.973021121249799226e-01
-3.012104005822838770e-01
-1.180339887498751406e-01
-1.194175147356128619e+00
-1.646538688059923317e+00
-6.835191300866987063e-02
1.026251542134295702e+00
-3.632712640028272766e-01
-1.769863270164616198e+00
-7.257445775191592174e-01
7.706843121190170010e-01
2.087745105900647713e-01
-9.999999999999656941e-01
-9.667959939946432213e-01
-1.131428720471239213e+00
-2.627857610109525677e+00
-2.945433774749682598e+00
-3.632712640027996320e-01
2.201822046719136949e+00
1.833761119581552634e+00
2.555743445305247441e-01
-1.860464277112630627e-02
-1.180339887498960127e-01
-1.476780905167363711e+00
-2.199415144715428205e+00
-8.672750964121113126e-01
1.651806666488753184e-02
-1.538841768587588366e+00
-3.058190232750845894e+00
-2.067565654822562049e+00
-5.613399251484996189e-01
-1.048437616860913524e+00
-2.118033988749871366e+00
-1.884293509388504706e+00
-1.792298614609672214e+00
-2.983356071131720633e+00
-2.955991075157458514e+00
-5.852326146396538531e-14
2.955991075157228476e+00
2.983356071131836096e+00
1.792298614609869833e+00
1.884293509388784926e+00
2.118033988749933094e+00
1.048437616860756094e+00
5.613399251484110231e-01
2.067565654822485666e+00
3.058190232750943149e+00
1.538841768587496883e+00
-1.651806666483890407e-02
8.672750964119996242e-01
2.199415144715250570e+00
1.476780905167107916e+00
1.180339887499004536e-01
1.860464277122276730e-02
-2.555743445304408112e-01
-1.833761119581462262e+00
-2.201822046719201786e+00
3.632712640025871353e-01
2.945433774749476541e+00
2.627857610109634035e+00
1.131428720471327143e+00
9.667959939947737835e-01
1.000000000000028422e+00
-2.087745105902663600e-01
-7.706843121191362389e-01
7.257445775190749515e-01
1.769863270164663493e+00
3.632712640027098705e-01
-1.026251542134224648e+00
6.835191300881707233e-02
1.646538688059734579e+00
1.194175147356000721e+00
1.180339887498824680e-01
3.012104005825615438e-01
2.973021121251608889e-01
-1.034837936178298667e+00
-1.192088571249834805e+00
1.538841768587716485e+00
4.233760737335778401e+00
3.969678687412816487e+00
2.463452957738873295e+00
2.224008121445957720e+00
2.118033988749905561e+00
7.087230048037496122e-01
-1.098144179806761489e-01
1.081243038541480850e+00
1.780420570572539773e+00
9.651083350172366915e-14
-1.780420570572409655e+00
-1.081243038541436663e+00
1.098144179804988463e-01
-7.087230048037205243e-01
-2.118033988749848717e+00
-2.224008121445801400e+00
-2.463452957738688553e+00
-3.969678687412849794e+00
-4.233760737335953372e+00
-1.538841768587682513e+00
1.192088571249725781e+00
1.034837936178186091e+00
-2.973021121250025711e-01
-3.012104005821568120e-01
-1.180339887498942364e-01
-1.194175147356207667e+00
-1.646538688059886901e+00
-6.835191300877858922e-02
1.026251542134295480e+00
-3.632712640026472539e-01
-1.769863270164570235e+00
-7.257445775192379323e-01
7.706843121190239954e-01
2.087745105901532838e-01
-9.999999999999774625e-01
-9.667959939947133874e-01
-1.131428720471252536e+00
-2.627857610109442188e+00
-2.945433774749651512e+00
-3.632712640029790441e-01
2.201822046719143167e+00
1.833761119581641896e+00
2.555743445306237760e-01
-1.860464277099753774e-02
-1.180339887499004536e-01
-1.476780905167269564e+00
-2.199415144715378023e+00
-8.672750964119595452e-01
1.651806666488464526e-02
-1.538841768587749570e+00
-3.058190232750851223e+00
-2.067565654822443477e+00
-5.613399251485131636e-01
-1.048437616861149779e+00
-2.118033988749887797e+00
-1.884293509388616839e+00
-1.792298614609694862e+00
-2.983356071131868070e+00
-2.955991075157441195e+00
-1.156066578395101566e-13
2.955991075157273773e+00
2.983356071131862741e+00
1.792298614609947549e+00
1.884293509388890397e+00
2.118033988749876251e+00
1.048437616860747879e+00
5.613399251484534336e-01
2.067565654822405286e+00
3.058190232750937820e+00
1.538841768587887460e+00
-1.651806666479394003e-02
8.672750964121691553e-01
2.199415144715322512e+00
1.476780905167176750e+00
1.180339887499526341e-01
1.860464277115091852e-02
-2.555743445304501371e-01
-1.833761119581622356e+00
-2.201822046719286163e+00
3.632712640023432749e-01
2.945433774749646627e+00
2.627857610109448405e+00
1.131428720471303162e+00
9.667959939949336556e-01
1.000000000000073497e+00
-2.087745105903274223e-01
-7.706843121192024082e-01
7.257445775189627080e-01
1.769863270164688362e+00
3.632712640025750339e-01
-1.026251542134238193e+00
6.835191300873523501e-02
1.646538688059770994e+00
1.194175147356135280e+00
1.180339887499812779e-01
3.012104005822928698e-01
2.973021121250463139e-01
-1.034837936178390150e+00
-1.192088571249812823e+00
1.538841768587560388e+00
4.233760737335803270e+00
3.969678687412864448e+00
2.463452957738859528e+00
2.224008121446028330e+00
2.118033988750035679e+00
7.087230048035700891e-01
-1.098144179806097576e-01
1.081243038541408463e+00
1.780420570572513350e+00
5.632508703186602294e-14
-1.780420570572435857e+00
-1.081243038541499724e+00
1.098144179804758647e-01
-7.087230048038614116e-01
-2.118033988749879359e+00
-2.224008121445713915e+00
-2.463452957738703208e+00
-3.969678687412762752e+00
-4.233760737335927615e+00
-1.538841768587932313e+00
1.192088571249680484e+00
1.034837936178094608e+00
-2.973021121250034593e-01
-3.012104005821406028e-01
-1.180339887498564888e-01
-1.194175147356182576e+00
-1.646538688059919320e+00
-6.835191300886631072e-02
1.026251542134303918e+00
-3.632712640028705753e-01
-1.769863270164612201e+00
-7.257445775190862758e-01
7.706843121189672630e-01
2.087745105902018006e-01
-9.999999999999323874e-01
-9.667959939946280112e-01
-1.131428720471159721e+00
-2.627857610109342268e+00
-2.945433774749498745e+00
-3.632712640025932971e-01
2.201822046719176029e+00
1.833761119581481580e+00
2.555743445306153383e-01
-1.860464277099522362e-02
-1.180339887497954265e-01
-1.476780905167162761e+00
-2.199415144715448189e+00
-8.672750964118254302e-01
1.651806666488209174e-02
-1.538841768587675185e+00
-3.058190232750856996e+00
-2.067565654822523857e+00
-5.613399251485582386e-01
-1.048437616860827371e+00
-2.118033988749881136e+00
-1.884293509388474064e+00
-1.792298614609689089e+00
-2.983356071131753051e+00
-2.955991075157395898e+00
-1.726900542150549152e-13
2.955991075157291537e+00
2.983356071131714415e+00
1.792298614609924901e+00
1.884293509388835774e+00
2.118033988749916219e+00
1.048437616860898647e+00
5.613399251483186525e-01
2.067565654822518528e+00
3.058190232750932047e+00
1.538841768587726033e+00
-1.651806666479660457e-02
8.672750964120938821e-01
2.199415144715372694e+00
1.476780905167098146e+00
1.180339887499484153e-01
1.860464277135396097e-02
-2.555743445303513273e-01
-1.833761119581492682e+00
-2.201822046719279058e+00
3.632712640030209550e-01
2.945433774749591116e+00
2.627857610109348041e+00
1.131428720471289395e+00
9.667959939948286285e-01
1.000000000000061728e+00
-2.087745105901321063e-01
-7.706843121191955248e-01
7.257445775190707327e-01
1.769863270164676372e+00
3.632712640026643514e-01
-1.026251542134184902e+00
6.835191300863985298e-02
1.646538688059772992e+00
1.194175147356015820e+00
1.180339887499621820e-01
3.012104005825064768e-01
2.973021121250234433e-01
-1.034837936178307549e+00
-1.192088571249790840e+00
1.538841768587736469e+00
4.233760737335764190e+00
3.969678687412759643e+00
2.463452957738837767e+00
2.224008121445925745e+00
2.118033988749868257e+00
7.087230048035454422e-01
-1.098144179805935483e-01
1.081243038541563228e+00
1.780420570572514682e+00
1.440370329988263849e-13
-1.780420570572367689e+00
-1.081243038541607193e+00
1.098144179804922960e-01
-7.087230048040163988e-01
-2.118033988749886021e+00
-2.224008121445754327e+00
-2.463452957738718307e+00
-3.969678687412676155e+00
-4.233760737335903634e+00
-1.538841768587756453e+00
1.192088571249635409e+00
1.034837936178176987e+00
-2.973021121250045695e-01
-3.012104005822538455e-01
-1.180339887498484952e-01
-1.194175147356312916e+00
-1.646538688059820288e+00
-6.835191300872610343e-02
1.026251542134315908e+00
-3.632712640028044060e-01
-1.769863270164623970e+00
-7.257445775189428350e-01
7.706843121189741463e-01
2.087745105900601639e-01
-9.999999999999441558e-01
-9.667959939945663939e-01
-1.131428720471171712e+00
-2.627857610109265885e+00
-2.945433774749534717e+00
-3.632712640024315931e-01
2.201822046719208004e+00
1.833761119581576393e+00
2.555743445306060124e-01
-1.860464277109393980e-02
-1.180339887497998674e-01
-1.476780905167387914e+00
-2.199415144715386017e+00
-8.672750964119004813e-01
1.651806666493216280e-02
-1.538841768587600134e+00
-3.058190232750866322e+00
-2.067565654822377308e+00
-5.613399251485438057e-01
-1.048437616860971033e+00
-2.118033988749897567e+00
-1.884293509388586196e+00
-1.792298614609711738e+00
-2.983356071131673115e+00
-2.955991075157444747e+00
